[?25l[0m [38;2;0;0;0m                                               [0m
 [38;2;0;0;0m       [0m  [38;2;30;30;46m                                      [0m
 [38;2;0;0;0m       [7m[38;2;39;45;78m▍[0m[38;2;41;41;66;48;2;46;58;97m▔[0m[38;2;46;56;93m▆[7m[38;2;55;63;101m▀[0m[38;2;66;73;110m▃[38;2;53;64;107m▁[0m [38;2;31;30;45m  [0m [38;2;54;62;104m▁[38;2;148;129;106m▂[7m[38;2;78;82;110m▀[0m[38;2;57;73;121m▅[38;2;76;88;125m▅[38;2;127;119;114m▆[7m[38;2;62;78;123m▔[38;2;61;78;125m▔[0m[38;2;83;92;123m▆[38;2;67;78;117m▅[0m [38;2;41;46;74m                   [0m
 [38;2;0;0;0m       [0m [38;2;44;54;92m▝[38;2;45;48;77;48;2;46;58;98m▖[48;2;45;58;97m [38;2;52;65;109;48;2;45;58;98m▔[38;2;163;142;112;48;2;52;65;108m▝[38;2;65;79;125;48;2;157;133;92m▆[0m[38;2;65;80;128m▆[38;2;100;92;123m▆[38;2;85;61;104;48;2;105;77;133m▔[38;2;117;80;137;48;2;76;75;126m▅[38;2;192;160;106;48;2;94;82;123m▔[38;2;124;118;121;48;2;69;81;127m▔[38;2;121;116;117;48;2;69;84;128m▂[38;2;63;81;134;48;2;61;81;133m▁[38;2;143;129;115;48;2;61;80;133m▂[38;2;112;108;121;48;2;61;81;133m▂[38;2;62;80;133;48;2;86;95;125m▁[38;2;58;73;124;48;2;62;79;130m▁[38;2;61;79;130;48;2;62;80;132m▏[38;2;49;59;97;48;2;77;87;124m▔[0m[38;2;149;134;115m▖[0m [38;2;30;30;46m                 [0m
 [38;2;0;0;0m         [0m [7m[38;2;49;58;93m▅[0m[38;2;98;52;49;48;2;50;55;88m▂[38;2;197;91;65;48;2;55;58;92m▅[38;2;52;61;102;48;2;187;85;59m▔[38;2;186;87;64;48;2;79;79;120m▅[38;2;179;87;70;48;2;72;80;124m▂[38;2;64;75;122;48;2;62;80;131m▁[38;2;65;79;129;48;2;102;76;132m▆[38;2;117;80;137;48;2;71;78;129m▀[38;2;78;71;122;48;2;111;77;132m▁[38;2;114;77;135;48;2;71;73;124m▅[38;2;111;77;134;48;2;66;78;128m▃[38;2;145;132;118;48;2;73;78;129m▀[38;2;55;62;97;48;2;65;81;130m▗[0m[7m[38;2;54;66;108m▅[0m[38;2;54;62;101m▔[7m[38;2;65;76;114m▆[0m[38;2;61;78;128m▀[7m[38;2;71;82;124m▁[38;2;59;69;113m▁[38;2;52;59;95m▂[0m [38;2;46;51;82m               [0m
 [38;2;0;0;0m       [0m [38;2;110;80;70m▁[38;2;185;92;69m▂[38;2;174;124;115m▃[38;2;112;76;57;48;2;194;123;94m▀[38;2;218;155;141;48;2;214;96;63m▁[38;2;220;169;122;48;2;128;75;53m▃[38;2;238;200;125;48;2;173;85;52m▆[38;2;251;247;247;48;2;200;102;72m▂[38;2;247;244;244;48;2;177;91;74m▃[38;2;245;243;242;48;2;127;99;101m▃[38;2;178;155;157;48;2;67;82;130m▂[38;2;117;109;114;48;2;69;81;125m▕[38;2;137;112;108;48;2;89;88;123m▘[38;2;109;76;133;48;2;63;78;130m▀[38;2;66;76;128;48;2;113;78;135m▂[0m[38;2;82;63;104m▘                       [0m
 [38;2;0;0;0m     [0m   [38;2;174;170;172m▀[7m[38;2;228;222;221m▂[38;2;239;236;236m▂[38;2;231;229;230m▁[0m[38;2;222;222;222;48;2;243;241;242m▂[38;2;230;230;230;48;2;250;249;249m▁[38;2;240;240;242;48;2;250;250;250m▁[38;2;235;234;234;48;2;252;252;253m▁[38;2;225;220;221m▁[38;2;208;126;107;48;2;248;246;247m▂[38;2;208;111;86;48;2;242;231;229m▅[38;2;118;101;121;48;2;212;97;65m▔[38;2;83;73;106;48;2;189;90;66m▀[38;2;125;76;77;48;2;60;71;116m▁[38;2;74;79;110;48;2;126;117;116m▂[0m[7m[38;2;68;80;125m▝[0m[38;2;75;78;105m▃[0m [38;2;32;32;49m                     [0m
 [38;2;0;0;0m           [38;2;130;126;131m▕[38;2;202;200;201;48;2;250;250;250m▏[38;2;251;251;252;48;2;246;246;246m▔[38;2;244;241;241;48;2;252;252;252m▕[38;2;241;237;235;48;2;216;126;100m▘[38;2;196;91;66;48;2;217;96;61m▔[38;2;208;103;75;48;2;214;93;59m▔[38;2;217;95;60;48;2;218;96;61m▂[38;2;210;90;58;48;2;215;93;59m▕[38;2;211;91;58;48;2;216;96;61m▏[38;2;89;61;78;48;2;203;92;62m▝[0m[7m[38;2;51;53;85m▁[38;2;50;61;103m▁[0m[38;2;49;58;98;48;2;64;79;128m▅[0m[7m[38;2;60;68;105m▔[38;2;61;67;100m▀[0m[38;2;47;53;87m▁                   [0m
 [38;2;0;0;0m          [0m [38;2;109;107;115;48;2;231;230;231m▘[38;2;237;237;238;48;2;249;249;250m▗[38;2;252;252;252;48;2;249;249;249m▁[38;2;217;167;154;48;2;248;244;243m▕[38;2;229;170;157;48;2;217;101;69m▁[38;2;218;102;70;48;2;216;95;60m▏[38;2;218;97;63;48;2;217;95;60m▁[38;2;215;91;58;48;2;218;95;60m▂[38;2;217;94;60;48;2;215;92;59m▏[38;2;217;94;61;48;2;218;97;62m▁[38;2;218;98;63m▔[38;2;147;73;58;48;2;210;94;63m▔[0m[38;2;166;76;56m▃[38;2;40;41;67m▔[7m[38;2;45;50;83m▆[38;2;50;58;97m▆[38;2;51;57;95m▅[0m[38;2;42;44;71m▘                  [0m
 [38;2;0;0;0m         [0m [38;2;200;199;201m▝[38;2;218;217;219;48;2;246;246;247m▏[38;2;251;251;251;48;2;246;246;246m▏[38;2;244;244;245;48;2;251;251;251m▁[38;2;244;231;227m▔[38;2;250;246;246;48;2;227;163;150m▊[38;2;215;129;108;48;2;214;93;61m▎[38;2;212;91;58;48;2;218;97;62m▁[38;2;217;93;60;48;2;217;95;61m▔[38;2;217;94;62;48;2;217;94;60m▕[38;2;217;94;61;48;2;216;93;61m▏[38;2;219;97;62;48;2;219;95;61m▝[38;2;219;96;62;48;2;218;97;63m▃[38;2;207;94;61;48;2;217;96;63m▔[38;2;160;77;57;48;2;216;97;63m▔[0m[38;2;202;92;63m▆[7m[38;2;183;85;60m▀[0m[38;2;154;77;61m▁                   [0m
 [38;2;0;0;0m          [7m[38;2;130;129;137m▆[38;2;207;207;209m▖[0m[38;2;243;243;243;48;2;247;247;247m▏[38;2;243;243;244;48;2;240;240;240m▔[48;2;250;250;250m▏[38;2;250;250;251;48;2;251;251;251m▂[38;2;228;205;200;48;2;205;97;69m▍[38;2;205;90;59;48;2;214;94;61m▏[38;2;214;91;59;48;2;216;93;60m▏[38;2;218;93;59;48;2;218;95;61m▔[38;2;218;94;61;48;2;218;96;62m▀▘[38;2;219;97;63;48;2;219;96;62m▅[48;2;219;97;63m  [38;2;218;97;63;48;2;218;96;62m▔[48;2;218;97;62m [38;2;211;98;66m▔[0m[38;2;203;94;64m▆[38;2;125;64;56m▖                 [0m
 [38;2;0;0;0m           [0m [38;2;212;211;214m▀[38;2;207;132;113;48;2;242;236;235m▂[38;2;248;248;248;48;2;250;250;251m▏[38;2;233;225;226;48;2;251;251;252m▕[38;2;159;98;85;48;2;215;96;63m▏[38;2;218;97;63;48;2;216;94;61m▏[38;2;217;96;62;48;2;217;95;61m▝[38;2;218;96;62m▀[38;2;221;164;150;48;2;216;97;63m▂[38;2;232;191;181;48;2;217;98;65m▂[38;2;213;97;64;48;2;218;97;63m▁ [38;2;219;97;63;48;2;219;96;63m▝▀[38;2;219;96;63;48;2;219;96;62m▏[48;2;219;97;62m [38;2;217;97;64;48;2;218;97;63m▕[38;2;115;66;61;48;2;212;96;64m▝[0m [38;2;74;49;53m                [0m
 [38;2;0;0;0m             [7m[38;2;197;90;61m▍[0m[38;2;212;102;71;48;2;228;209;204m▆[38;2;243;237;236;48;2;208;112;87m▀[38;2;207;183;182;48;2;205;100;71m▎[38;2;217;95;61;48;2;216;97;62m▀[38;2;215;96;62;48;2;217;96;62m▁[38;2;252;251;252;48;2;198;128;110m▗[38;2;234;225;223;48;2;252;252;252m▔[38;2;252;252;252;48;2;252;252;253m▔[38;2;219;160;146;48;2;247;242;241m▝[38;2;245;238;237;48;2;215;109;81m▂[38;2;222;161;147;48;2;217;97;64m▁[38;2;217;97;64;48;2;219;96;63m▃[48;2;219;96;62m  [38;2;219;96;62;48;2;218;97;62m▍[38;2;218;97;63;48;2;215;97;64m▋[0m[7m[38;2;183;84;59m▐[0m[38;2;57;38;47m                [0m
 [38;2;0;0;0m             [7m[38;2;153;75;55m▋[0m[38;2;103;67;57;48;2;197;92;63m▂[38;2;192;92;64;48;2;101;68;58m▘[38;2;130;99;92;48;2;150;79;60m▘[38;2;199;94;64;48;2;215;97;63m▁[38;2;111;70;57;48;2;196;90;62m▂[38;2;120;78;67;48;2;188;165;158m▋[38;2;201;149;138;48;2;243;241;241m▂[38;2;252;252;252;48;2;253;253;253m▁ [38;2;239;232;232;48;2;252;252;253m▁[38;2;203;132;117;48;2;241;223;221m▂[38;2;214;141;123;48;2;213;98;66m▏[38;2;215;95;63;48;2;218;97;63m▁[38;2;218;97;62;48;2;219;96;62m▋[38;2;219;96;62;48;2;219;97;62m▅[38;2;218;97;63;48;2;218;98;63m▃[38;2;142;71;57;48;2;211;95;63m▕[0m [38;2;94;52;51m               [0m
 [38;2;0;0;0m             [7m[38;2;73;54;49m▊[0m[38;2;79;62;56;48;2;80;63;57m▏[38;2;61;49;51;48;2;80;63;56m▗[38;2;70;56;56;48;2;84;63;56m▏[38;2;166;86;63;48;2;85;64;57m▔[38;2;214;99;65;48;2;104;63;52m▗[38;2;190;90;61;48;2;216;102;69m▔[38;2;229;195;189;48;2;213;120;95m▅[38;2;241;240;240;48;2;252;252;252m▏[38;2;204;143;127;48;2;251;250;251m▗[38;2;218;180;171;48;2;214;99;68m▘[38;2;214;97;64;48;2;219;97;62m▔[38;2;216;97;64m▔[38;2;205;90;59;48;2;215;95;62m▔[38;2;219;98;64;48;2;211;94;61m▁[38;2;211;93;60;48;2;215;96;62m▁[38;2;207;90;58;48;2;218;97;63m▏[38;2;217;96;63m▐[0m[7m[38;2;186;85;61m▐[0m[38;2;43;34;46m               [0m
 [38;2;0;0;0m   [0m [38;2;34;34;49m         [7m[38;2;72;56;51m▋[0m[38;2;33;31;45;48;2;80;63;57m [38;2;63;51;54;48;2;73;58;56m▖[38;2;80;63;56;48;2;81;63;57m▘[0m[7m[38;2;70;55;53m▐[38;2;183;85;58m▎[0m[38;2;222;136;116;48;2;217;104;71m▕[38;2;235;178;165;48;2;240;224;221m▏[38;2;251;251;251;48;2;243;243;243m▔[38;2;233;221;219;48;2;205;104;76m▏[38;2;217;97;63;48;2;219;97;63m▅[38;2;214;95;63;48;2;219;97;62m▁[38;2;216;97;65m▂[38;2;215;97;64;48;2;219;98;63m▁[38;2;216;98;65;48;2;219;98;64m▁[38;2;218;99;64;48;2;219;98;63m▂[38;2;218;97;63;48;2;218;98;63m▔[38;2;216;97;63;48;2;217;97;64m▁[0m[7m[38;2;184;84;59m▝[0m[38;2;210;97;64m▃[38;2;185;87;61m▃[38;2;177;84;60m▃[38;2;194;93;65m▂[38;2;132;68;55m▁          [0m
 [38;2;0;0;0m           [38;2;44;29;31m▗[38;2;65;46;43m▆[38;2;63;50;50;48;2;73;56;51m▔[38;2;72;53;47;48;2;78;61;55m▖[38;2;84;65;59;48;2;82;64;58m▔[38;2;77;60;54;48;2;61;47;48m▊[0m[7m[38;2;74;54;50m▀[0m[38;2;74;55;51m▂[38;2;185;90;63m▀[38;2;203;109;82;48;2;225;169;155m▋[38;2;222;191;185;48;2;242;234;232m▖[38;2;229;222;221;48;2;205;127;107m▆[38;2;201;97;67;48;2;237;233;233m▔[38;2;167;91;73;48;2;252;251;251m▔[38;2;188;149;142;48;2;253;253;253m▔[38;2;177;87;66;48;2;244;232;230m▔[38;2;235;200;191;48;2;204;103;77m▅[38;2;222;160;145;48;2;208;97;67m▖[38;2;212;95;63;48;2;217;98;64m▘[38;2;204;90;61;48;2;215;96;63m▕[38;2;187;80;52;48;2;213;95;62m▘[38;2;206;89;60;48;2;212;96;63m▖[38;2;208;92;61;48;2;216;98;64m▂[38;2;209;92;61;48;2;217;98;64m▂[38;2;216;98;64;48;2;217;98;63m▕[38;2;171;82;60;48;2;214;97;63m▝[0m[7m[38;2;208;96;65m▀[0m[38;2;154;75;58m▂        [0m
 [38;2;0;0;0m            [0m [38;2;75;56;50;48;2;44;31;34m▝[0m[7m[38;2;70;51;46m▁[38;2;81;62;56m▂[38;2;50;35;35m▆[38;2;73;52;46m▅[0m[38;2;174;173;177;48;2;69;56;56m▂[38;2;131;119;114;48;2;242;242;243m▀[38;2;235;234;234;48;2;245;245;246m▏[38;2;250;250;250;48;2;251;251;251m▏[38;2;252;252;252;48;2;252;252;253m▀[38;2;252;252;253;48;2;252;253;253m▏[48;2;253;253;253m  [38;2;208;148;131;48;2;252;251;251m▔[38;2;249;245;245;48;2;213;115;88m▆[38;2;217;107;75;48;2;242;227;224m▀[38;2;219;145;126;48;2;218;100;66m▁[38;2;220;98;64;48;2;220;98;63m▁ [38;2;219;97;64m▀[38;2;218;98;63;48;2;219;97;63m▔[38;2;220;97;62;48;2;220;98;63m▅[38;2;221;97;62;48;2;221;98;63m▅[38;2;220;98;63;48;2;220;97;63m▀[38;2;219;98;64;48;2;220;98;63m▝[38;2;212;99;68;48;2;218;98;64m▔[0m[38;2;184;97;74m▅[0m [38;2;45;43;57m      [0m
 [38;2;0;0;0m              [0m [38;2;30;29;45m  [38;2;148;146;150m▐[7m[38;2;239;239;238m▂[38;2;242;242;242m▁[0m[38;2;149;146;152;48;2;252;252;252m▁[38;2;253;252;252;48;2;252;252;253m▁[38;2;253;253;253m▃ [48;2;253;253;253m [38;2;240;236;235;48;2;252;252;252m▁[38;2;219;185;179m▁[38;2;209;106;78;48;2;249;246;245m▁[38;2;216;111;80;48;2;247;238;237m▃[38;2;217;101;68;48;2;234;199;193m▅[38;2;218;99;64;48;2;220;98;64m▘[38;2;221;99;65;48;2;220;98;63m▁[38;2;221;98;64m▃[48;2;220;98;64m▁[38;2;220;98;63m▁[38;2;220;98;65;48;2;221;98;64m▆[38;2;220;98;64;48;2;220;98;63m▏[48;2;220;97;62m [38;2;219;98;64;48;2;219;98;63m▐[38;2;138;108;100;48;2;209;96;65m▕[0m [38;2;131;124;129m      [0m
 [38;2;0;0;0m                    [0m [38;2;184;182;185m▔[7m[38;2;240;239;240m▆[0m[38;2;234;233;234m▀[7m[38;2;249;249;249m▃[38;2;239;239;240m▁[0m[38;2;173;87;66;48;2;238;222;217m▁[38;2;226;164;146;48;2;214;128;104m▀[38;2;216;112;82;48;2;217;100;66m▏[38;2;219;99;64;48;2;220;98;64m▅ [38;2;221;98;65;48;2;220;98;63m▀[38;2;220;98;63;48;2;221;98;65m▅[48;2;220;98;64m [38;2;219;98;64;48;2;220;98;63m▖[38;2;219;98;63;48;2;220;98;62m▂[48;2;220;98;63m▆[38;2;214;99;66;48;2;218;98;64m▁[0m[7m[38;2;204;95;64m▁[0m[38;2;180;83;59m▘       [0m
 [38;2;0;0;0m                          [0m [38;2;190;90;63m▔[7m[38;2;196;90;60m▆[38;2;200;92;63m▅[0m[38;2;190;87;60m▀[38;2;205;93;63m▀[38;2;207;95;63m▀[38;2;205;93;61m▀[38;2;191;91;63m▀[38;2;198;91;61m▀[7m[38;2;191;89;63m▅[0m[38;2;169;83;61m▔[0m [38;2;40;36;50m     [0m [38;2;32;32;48m  [0m
[?25h